[
    {
        "elapsed_time": 1.6759998798370361, 
        "main/loss": 0.15660752020776272, 
        "iteration": 100, 
        "epoch": 1
    }, 
    {
        "elapsed_time": 3.497999906539917, 
        "main/loss": 0.07477354317903519, 
        "iteration": 200, 
        "epoch": 2
    }, 
    {
        "elapsed_time": 5.766999959945679, 
        "main/loss": 0.057038040421903136, 
        "iteration": 300, 
        "epoch": 3
    }
]